optimal_bounday_area = 1464.500000
Temperature	Acceptanced	Randum	Cost	WastedArea
9.5000e+03	4495.0000	34228	15270	1043.5000	41.6069
9.0250e+03	4504.5000	34291	15193	1043.5000	41.6069
8.5738e+03	4615.0000	34246	15208	934.2500	38.9474
8.1451e+03	5547.0000	34115	15279	934.2500	38.9474
7.7378e+03	4277.5000	34134	15207	934.2500	38.9474
7.3509e+03	5512.5000	34182	15212	934.2500	38.9474
6.9834e+03	4792.5000	34087	15175	860.5000	37.0108
6.6342e+03	4567.5000	34195	15141	860.5000	37.0108
6.3025e+03	3212.0000	34199	15080	860.5000	37.0108
5.9874e+03	5801.2500	34076	15147	860.5000	37.0108
5.6880e+03	4299.7500	34071	15129	860.5000	37.0108
5.4036e+03	4420.0000	34004	15081	860.5000	37.0108
5.1334e+03	4147.0000	34188	14898	860.5000	37.0108
4.8767e+03	6144.0000	34017	15052	860.5000	37.0108
4.6329e+03	3799.5000	33917	15059	860.5000	37.0108
4.4013e+03	4039.2500	33931	15062	860.5000	37.0108
4.1812e+03	5809.0000	33870	15003	860.5000	37.0108
3.9721e+03	5181.0000	33894	14950	860.5000	37.0108
3.7735e+03	4836.0000	33719	15034	860.5000	37.0108
3.5849e+03	4650.0000	33920	14761	860.5000	37.0108
3.4056e+03	5755.7500	33773	14817	860.5000	37.0108
3.2353e+03	4053.7500	33699	14841	860.5000	37.0108
3.0736e+03	5146.5000	33686	14793	860.5000	37.0108
2.9199e+03	6369.0000	33717	14762	860.5000	37.0108
2.7739e+03	6122.5000	33500	14876	860.5000	37.0108
2.6352e+03	5642.5000	33525	14747	860.5000	37.0108
2.5034e+03	4371.0000	33488	14672	860.5000	37.0108
2.3783e+03	7199.5000	33550	14570	860.5000	37.0108
2.2594e+03	3258.5000	33477	14419	860.5000	37.0108
2.1464e+03	5848.2500	33375	14596	860.5000	37.0108
2.0391e+03	5133.0000	33375	14448	860.5000	37.0108
1.9371e+03	5104.5000	33376	14345	860.5000	37.0108
1.8403e+03	4265.7500	33272	14214	859.5000	36.9836
1.7482e+03	6233.5000	33239	14161	859.5000	36.9836
1.6608e+03	4468.7500	32971	14257	859.5000	36.9836
1.5778e+03	3413.2500	32891	14304	859.5000	36.9836
1.4989e+03	5584.5000	32895	14283	859.5000	36.9836
1.4240e+03	3700.7500	32890	13948	859.5000	36.9836
1.3528e+03	3852.5000	33005	13852	738.2500	33.5149
1.2851e+03	3996.2500	32724	13926	738.2500	33.5149
1.2209e+03	4978.0000	32571	13905	738.2500	33.5149
1.1598e+03	3976.0000	32507	13798	738.2500	33.5149
1.1018e+03	3624.2500	32583	13608	738.2500	33.5149
1.0467e+03	3105.7500	32326	13662	738.2500	33.5149
9.9440e+02	5445.0000	32392	13404	738.2500	33.5149
9.4468e+02	4445.0000	32143	13377	738.2500	33.5149
8.9745e+02	3358.2500	32056	13319	738.2500	33.5149
8.5258e+02	3613.5000	31735	13369	729.2500	33.2422
8.0995e+02	4159.2500	31651	13244	729.2500	33.2422
7.6945e+02	4606.5000	31730	13007	729.2500	33.2422
7.3098e+02	3760.0000	31720	12795	729.2500	33.2422
6.9443e+02	4371.0000	31340	12918	729.2500	33.2422
6.5971e+02	3939.7500	31195	12794	729.2500	33.2422
6.2672e+02	4160.0000	31067	12598	729.2500	33.2422
5.9539e+02	4495.0000	30843	12541	729.2500	33.2422
5.6562e+02	5557.5000	30828	12317	729.2500	33.2422
5.3734e+02	4154.0000	30435	12345	729.2500	33.2422
5.1047e+02	5025.0000	30249	12277	729.2500	33.2422
4.8495e+02	4491.7500	30281	11929	729.2500	33.2422
4.6070e+02	4588.5000	30136	11764	729.2500	33.2422
4.3766e+02	3424.0000	29804	11638	729.2500	33.2422
4.1578e+02	3325.0000	29742	11493	729.2500	33.2422
3.9499e+02	3648.7500	29541	11456	729.2500	33.2422
3.7524e+02	4898.5000	29188	11337	729.2500	33.2422
3.5648e+02	4484.0000	29039	11094	729.2500	33.2422
3.3866e+02	4154.0000	28653	10950	729.2500	33.2422
3.2172e+02	3782.0000	28404	10793	729.2500	33.2422
3.0564e+02	4644.0000	28192	10678	729.2500	33.2422
2.9035e+02	3666.0000	28017	10367	495.2500	25.2711
2.7584e+02	3509.7500	27630	10280	495.2500	25.2711
2.6205e+02	3016.0000	27392	9989	495.2500	25.2711
2.4894e+02	3242.7500	27099	9883	495.2500	25.2711
2.3650e+02	2982.2500	26664	9677	495.2500	25.2711
2.2467e+02	3562.5000	26573	9549	495.2500	25.2711
2.1344e+02	3078.0000	26083	9313	495.2500	25.2711
2.0277e+02	3070.5000	25822	9093	488.5000	25.0128
1.9263e+02	3023.2500	25568	8935	488.5000	25.0128
1.8300e+02	3080.0000	25238	8629	488.5000	25.0128
1.7385e+02	3156.2500	24738	8475	488.5000	25.0128
1.6515e+02	3150.0000	24471	8288	488.5000	25.0128
1.5690e+02	2766.7500	24095	7986	488.5000	25.0128
1.4905e+02	3074.0000	23753	7846	488.5000	25.0128
1.4160e+02	3160.5000	23389	7605	488.5000	25.0128
1.3452e+02	2968.0000	22800	7462	488.5000	25.0128
1.2779e+02	3042.0000	22577	7147	488.5000	25.0128
1.2140e+02	2875.0000	22187	6902	488.5000	25.0128
1.1533e+02	3350.0000	21951	6727	488.5000	25.0128
1.0957e+02	2457.0000	21248	6582	488.5000	25.0128
1.0409e+02	3161.0000	20922	6216	488.5000	25.0128
9.8884e+01	3255.0000	20783	6030	488.5000	25.0128
9.3939e+01	2729.5000	20155	5839	470.5000	24.3152
8.9242e+01	3584.5000	19858	5580	446.5000	23.3647
8.4780e+01	2622.0000	19152	5431	446.5000	23.3647
8.0541e+01	2128.5000	19055	5217	446.5000	23.3647
7.6514e+01	2616.0000	18479	4895	446.5000	23.3647
7.2689e+01	2499.0000	17961	4699	403.0000	21.5797
6.9054e+01	2257.0000	17342	4470	403.0000	21.5797
6.5601e+01	2370.7500	17211	4359	350.5000	19.3113
6.2321e+01	2520.0000	16722	4132	350.5000	19.3113
5.9205e+01	2950.0000	16308	3919	350.5000	19.3113
5.6245e+01	2484.0000	15873	3770	350.5000	19.3113
5.3433e+01	2281.5000	15415	3556	335.5000	18.6389
5.0761e+01	2597.0000	15080	3290	335.5000	18.6389
4.8223e+01	2164.5000	14382	3023	335.5000	18.6389
4.5812e+01	2420.5000	14146	2911	335.5000	18.6389
4.3521e+01	2349.0000	13857	2823	335.5000	18.6389
4.1345e+01	2314.0000	12962	2570	329.5000	18.3668
3.9278e+01	2160.0000	12841	2425	320.5000	17.9552
3.7314e+01	2255.0000	12864	2369	310.0000	17.4697
3.5448e+01	2014.0000	12298	2196	310.0000	17.4697
3.3676e+01	1955.0000	12364	2030	310.0000	17.4697
3.1992e+01	1988.0000	11682	1797	295.5000	16.7898
3.0393e+01	2111.5000	11458	1803	295.5000	16.7898
2.8873e+01	1873.2500	10928	1650	295.5000	16.7898
2.7429e+01	1978.0000	10669	1507	268.0000	15.4690
2.6058e+01	2207.2500	10088	1365	268.0000	15.4690
2.4755e+01	1923.7500	10040	1252	251.0000	14.6313
2.3517e+01	2054.0000	9833	1192	251.0000	14.6313
2.2341e+01	1911.0000	9276	1023	232.0000	13.6752
2.1224e+01	1870.0000	9336	 999	216.5000	12.8792
2.0163e+01	1842.5000	8954	 969	174.0000	10.6195
1.9155e+01	1944.2500	8849	 850	174.0000	10.6195
1.8197e+01	1903.5000	8579	 754	174.0000	10.6195
1.7287e+01	1892.0000	8543	 736	173.5000	10.5922
1.6423e+01	1824.0000	7824	 633	163.0000	10.0154
1.5602e+01	1855.0000	7845	 558	163.0000	10.0154
1.4822e+01	1805.0000	7915	 563	163.0000	10.0154
1.4081e+01	1691.0000	7796	 514	163.0000	10.0154
1.3377e+01	1883.2500	7227	 393	163.0000	10.0154
1.2708e+01	1761.7500	6860	 385	163.0000	10.0154
1.2072e+01	1674.7500	6970	 314	163.0000	10.0154
1.1469e+01	1691.0000	6863	 279	145.0000	9.0090
1.0895e+01	1683.0000	6587	 269	141.5000	8.8107
1.0351e+01	1742.5000	6410	 245	141.5000	8.8107
9.8330e+00	1687.5000	6177	 221	95.7500	6.1368
9.3414e+00	1599.0000	6410	 193	95.7500	6.1368
8.8743e+00	1638.0000	6278	 179	95.7500	6.1368
8.4306e+00	1599.0000	5951	 128	95.7500	6.1368
8.0091e+00	1560.0000	6203	 131	95.5000	6.1218
7.6086e+00	1681.0000	5794	 125	95.5000	6.1218
7.2282e+00	1638.0000	5542	  61	95.5000	6.1218
6.8668e+00	1639.2500	5876	  75	95.5000	6.1218
6.5234e+00	1620.0000	5258	  77	95.5000	6.1218
6.1973e+00	1618.5000	4933	  47	95.5000	6.1218
5.8874e+00	1577.0000	4877	  57	93.5000	6.0013
5.5930e+00	1577.0000	4729	  33	93.5000	6.0013
5.3134e+00	1558.0000	4566	  21	93.5000	6.0013
5.0477e+00	1558.0000	4321	  13	93.5000	6.0013
4.7953e+00	1640.0000	4939	  28	93.5000	6.0013
4.5555e+00	1599.7500	4887	  50	93.5000	6.0013
4.3278e+00	1599.7500	4458	   9	93.5000	6.0013
4.1114e+00	1599.7500	4902	  10	93.5000	6.0013
3.9058e+00	1579.5000	4554	   5	93.5000	6.0013
3.7105e+00	1579.5000	4312	   7	93.5000	6.0013
3.5250e+00	1579.5000	4329	   5	93.5000	6.0013
3.3487e+00	1580.0000	4366	   2	93.5000	6.0013
3.1813e+00	1560.0000	4197	   3	93.5000	6.0013
3.0222e+00	1540.5000	3717	   1	76.0000	4.9335
2.8711e+00	1540.5000	3759	   0	76.0000	4.9335
2.7276e+00	1540.5000	3559	   0	76.0000	4.9335
2.5912e+00	1540.5000	3600	   0	76.0000	4.9335
2.4616e+00	1540.5000	3669	   0	76.0000	4.9335
2.3386e+00	1540.5000	3691	   0	76.0000	4.9335
2.2216e+00	1540.5000	3645	   0	76.0000	4.9335
2.1105e+00	1540.5000	3647	   1	76.0000	4.9335
2.0050e+00	1540.5000	3733	   0	76.0000	4.9335
1.9048e+00	1540.5000	3562	   0	76.0000	4.9335
1.8095e+00	1540.5000	3651	   0	76.0000	4.9335
1.7191e+00	1540.5000	3739	   0	76.0000	4.9335
1.6331e+00	1540.5000	3666	   0	76.0000	4.9335
1.5514e+00	1540.5000	3679	   0	76.0000	4.9335
1.4739e+00	1540.5000	3632	   0	76.0000	4.9335
1.4002e+00	1540.5000	3497	   0	76.0000	4.9335
1.3302e+00	1540.5000	3714	   0	76.0000	4.9335
1.2637e+00	1540.5000	3575	   0	76.0000	4.9335
1.2005e+00	1540.5000	3704	   0	76.0000	4.9335
1.1405e+00	1540.5000	3731	   0	76.0000	4.9335
1.0834e+00	1540.5000	3651	   0	76.0000	4.9335
1.0293e+00	1540.5000	3629	   0	76.0000	4.9335
9.7780e-01	1540.5000	3648	   0	76.0000	4.9335
9.2891e-01	1540.5000	3685	   0	76.0000	4.9335
8.8246e-01	1540.5000	3625	   0	76.0000	4.9335
8.3834e-01	1540.5000	3622	   0	76.0000	4.9335
7.9642e-01	1540.5000	3717	   0	76.0000	4.9335
7.5660e-01	1540.5000	3629	   0	76.0000	4.9335
7.1877e-01	1540.5000	3676	   0	76.0000	4.9335
6.8283e-01	1540.5000	3656	   0	76.0000	4.9335
6.4869e-01	1540.5000	3693	   0	76.0000	4.9335
6.1626e-01	1540.5000	3633	   0	76.0000	4.9335
5.8544e-01	1540.5000	3715	   0	76.0000	4.9335
5.5617e-01	1540.5000	3463	   0	76.0000	4.9335
5.2836e-01	1540.5000	3595	   0	76.0000	4.9335
5.0194e-01	1540.5000	3642	   0	76.0000	4.9335
4.7685e-01	1540.5000	3531	   0	76.0000	4.9335
4.5301e-01	1540.5000	3611	   0	76.0000	4.9335
4.3035e-01	1540.5000	3634	   0	76.0000	4.9335
4.0884e-01	1540.5000	3591	   0	76.0000	4.9335
3.8840e-01	1540.5000	3717	   0	76.0000	4.9335
3.6898e-01	1540.5000	3543	   0	76.0000	4.9335
3.5053e-01	1540.5000	3657	   0	76.0000	4.9335
3.3300e-01	1540.5000	3672	   0	76.0000	4.9335
3.1635e-01	1540.5000	3654	   0	76.0000	4.9335
3.0053e-01	1540.5000	3667	   0	76.0000	4.9335
2.8551e-01	1540.5000	3635	   0	76.0000	4.9335
2.7123e-01	1540.5000	3711	   0	76.0000	4.9335
2.5767e-01	1540.5000	3673	   0	76.0000	4.9335
2.4479e-01	1540.5000	3748	   0	76.0000	4.9335
2.3255e-01	1540.5000	3740	   0	76.0000	4.9335
2.2092e-01	1540.5000	3707	   0	76.0000	4.9335
2.0987e-01	1540.5000	3731	   0	76.0000	4.9335
1.9938e-01	1540.5000	3824	   0	76.0000	4.9335
1.8941e-01	1540.5000	3743	   0	76.0000	4.9335
1.7994e-01	1540.5000	3666	   0	76.0000	4.9335
1.7094e-01	1540.5000	3629	   0	76.0000	4.9335
1.6240e-01	1540.5000	3687	   0	76.0000	4.9335
1.5428e-01	1540.5000	3741	   0	76.0000	4.9335
1.4656e-01	1540.5000	3620	   0	76.0000	4.9335
1.3923e-01	1540.5000	3582	   0	76.0000	4.9335
1.3227e-01	1540.5000	3688	   0	76.0000	4.9335
1.2566e-01	1540.5000	3685	   0	76.0000	4.9335
1.1938e-01	1540.5000	3665	   0	76.0000	4.9335
1.1341e-01	1540.5000	3669	   0	76.0000	4.9335
1.0774e-01	1540.5000	3716	   0	76.0000	4.9335
1.0235e-01	1540.5000	3739	   0	76.0000	4.9335
9.7232e-02	1540.5000	3734	   0	76.0000	4.9335
9.2371e-02	1540.5000	3744	   0	76.0000	4.9335
8.7752e-02	1540.5000	3640	   0	76.0000	4.9335
8.3365e-02	1540.5000	3712	   0	76.0000	4.9335
7.9196e-02	1540.5000	3717	   0	76.0000	4.9335
7.5237e-02	1540.5000	3642	   0	76.0000	4.9335
7.1475e-02	1540.5000	3666	   0	76.0000	4.9335
6.7901e-02	1540.5000	3605	   0	76.0000	4.9335
6.4506e-02	1540.5000	3557	   0	76.0000	4.9335
6.1281e-02	1540.5000	3636	   0	76.0000	4.9335
5.8217e-02	1540.5000	3513	   0	76.0000	4.9335
5.5306e-02	1540.5000	3728	   0	76.0000	4.9335
5.2541e-02	1540.5000	3542	   0	76.0000	4.9335
4.9914e-02	1540.5000	3667	   0	76.0000	4.9335
4.7418e-02	1540.5000	3614	   0	76.0000	4.9335
4.5047e-02	1540.5000	3585	   0	76.0000	4.9335
4.2795e-02	1540.5000	3638	   0	76.0000	4.9335
4.0655e-02	1540.5000	3580	   0	76.0000	4.9335
3.8622e-02	1540.5000	3525	   0	76.0000	4.9335
3.6691e-02	1540.5000	3677	   0	76.0000	4.9335
3.4856e-02	1540.5000	3705	   0	76.0000	4.9335
3.3114e-02	1540.5000	3627	   0	76.0000	4.9335
3.1458e-02	1540.5000	3593	   0	76.0000	4.9335
2.9885e-02	1540.5000	3561	   0	76.0000	4.9335
2.8391e-02	1540.5000	3750	   0	76.0000	4.9335
2.6971e-02	1540.5000	3727	   0	76.0000	4.9335
2.5623e-02	1540.5000	3619	   0	76.0000	4.9335
2.4342e-02	1540.5000	3639	   0	76.0000	4.9335
2.3124e-02	1540.5000	3718	   0	76.0000	4.9335
2.1968e-02	1540.5000	3626	   0	76.0000	4.9335
2.0870e-02	1540.5000	3739	   0	76.0000	4.9335
1.9826e-02	1540.5000	3645	   0	76.0000	4.9335
1.8835e-02	1540.5000	3629	   0	76.0000	4.9335
1.7893e-02	1540.5000	3721	   0	76.0000	4.9335
1.6999e-02	1540.5000	3643	   0	76.0000	4.9335
1.6149e-02	1540.5000	3639	   0	76.0000	4.9335
1.5341e-02	1540.5000	3603	   0	76.0000	4.9335
1.4574e-02	1540.5000	3709	   0	76.0000	4.9335
1.3845e-02	1540.5000	3607	   0	76.0000	4.9335
1.3153e-02	1540.5000	3636	   0	76.0000	4.9335
1.2496e-02	1540.5000	3692	   0	76.0000	4.9335
1.1871e-02	1540.5000	3612	   0	76.0000	4.9335
1.1277e-02	1540.5000	3724	   0	76.0000	4.9335
1.0713e-02	1540.5000	3602	   0	76.0000	4.9335
1.0178e-02	1540.5000	3777	   0	76.0000	4.9335
9.6688e-03	1540.5000	3538	   0	76.0000	4.9335
9.1854e-03	1540.5000	3730	   0	76.0000	4.9335
8.7261e-03	1540.5000	3581	   0	76.0000	4.9335
8.2898e-03	1540.5000	3667	   0	76.0000	4.9335
7.8753e-03	1540.5000	3706	   0	76.0000	4.9335
7.4815e-03	1540.5000	3686	   0	76.0000	4.9335
7.1075e-03	1540.5000	3776	   0	76.0000	4.9335
6.7521e-03	1540.5000	3582	   0	76.0000	4.9335
6.4145e-03	1540.5000	3618	   0	76.0000	4.9335
6.0938e-03	1540.5000	3727	   0	76.0000	4.9335
5.7891e-03	1540.5000	3591	   0	76.0000	4.9335
5.4996e-03	1540.5000	3650	   0	76.0000	4.9335
5.2246e-03	1540.5000	3752	   0	76.0000	4.9335
4.9634e-03	1540.5000	3680	   0	76.0000	4.9335
4.7152e-03	1540.5000	3724	   0	76.0000	4.9335
4.4795e-03	1540.5000	3715	   0	76.0000	4.9335
4.2555e-03	1540.5000	3809	   0	76.0000	4.9335
4.0427e-03	1540.5000	3707	   0	76.0000	4.9335
3.8406e-03	1540.5000	3684	   0	76.0000	4.9335
3.6486e-03	1540.5000	3706	   0	76.0000	4.9335
3.4661e-03	1540.5000	3725	   0	76.0000	4.9335
3.2928e-03	1540.5000	3704	   0	76.0000	4.9335
3.1282e-03	1540.5000	3663	   0	76.0000	4.9335
2.9718e-03	1540.5000	3640	   0	76.0000	4.9335
2.8232e-03	1540.5000	3659	   0	76.0000	4.9335
2.6820e-03	1540.5000	3647	   0	76.0000	4.9335
2.5479e-03	1540.5000	3644	   0	76.0000	4.9335
2.4205e-03	1540.5000	3683	   0	76.0000	4.9335
2.2995e-03	1540.5000	3685	   0	76.0000	4.9335
2.1845e-03	1540.5000	3644	   0	76.0000	4.9335
2.0753e-03	1540.5000	3667	   0	76.0000	4.9335
1.9715e-03	1540.5000	3652	   0	76.0000	4.9335
1.8730e-03	1540.5000	3687	   0	76.0000	4.9335
1.7793e-03	1540.5000	3668	   0	76.0000	4.9335
1.6903e-03	1540.5000	3614	   0	76.0000	4.9335
1.6058e-03	1540.5000	3681	   0	76.0000	4.9335
1.5255e-03	1540.5000	3637	   0	76.0000	4.9335
1.4493e-03	1540.5000	3692	   0	76.0000	4.9335
1.3768e-03	1540.5000	3610	   0	76.0000	4.9335
1.3080e-03	1540.5000	3629	   0	76.0000	4.9335
1.2426e-03	1540.5000	3712	   0	76.0000	4.9335
1.1804e-03	1540.5000	3593	   0	76.0000	4.9335
1.1214e-03	1540.5000	3665	   0	76.0000	4.9335
1.0653e-03	1540.5000	3641	   0	76.0000	4.9335
1.0121e-03	1540.5000	3688	   0	76.0000	4.9335
9.6147e-04	1540.5000	3640	   0	76.0000	4.9335
Tentative: 1540.5000
